10 10
81.187 120.793 166.193 140.555 232.792 180.308 213.534 193.983 191.730 133.248 
36.679 51.305 63.174 48.741 81.363 64.183 87.684 75.656 75.813 50.696 
61.032 40.222 70.028 107.621 126.563 79.866 103.621 65.847 111.129 61.584 
29.934 50.330 57.575 68.104 96.049 86.468 73.977 75.577 67.699 46.057 
69.081 127.171 191.786 109.500 236.432 178.196 227.815 219.811 197.081 144.800 
41.364 121.001 88.330 101.399 143.464 139.348 155.516 142.382 101.981 126.469 
36.453 96.336 89.731 90.735 139.310 115.016 144.834 124.714 102.605 120.680 
69.675 148.806 135.330 160.808 224.493 212.773 200.293 196.883 158.541 140.297 
55.082 45.568 87.055 110.621 148.444 104.429 105.680 87.264 116.497 60.751 
54.092 116.060 141.475 129.085 212.046 164.148 194.641 174.962 157.176 150.019 
